[{"obj_cls": "010_potted_meat_can", "rot": [[-0.20438268780708313, 0.963069498538971, 0.1752852201461792], [0.24595306813716888, -0.12279821932315826, 0.9614716172218323], [0.9474886655807495, 0.23962008953094482, -0.21177205443382263]], "trans": [0.04902569204568863, -0.10590863227844238, -0.49220097064971924]}, {"obj_cls": "010_potted_meat_can", "rot": [[-0.12422390282154083, 0.9845703840255737, 0.12324606627225876], [0.15035179257392883, -0.10409664362668991, 0.9831369519233704], [0.9807969927787781, 0.1406593769788742, -0.13510063290596008]], "trans": [0.051164958626031876, -0.10569652169942856, -0.49137309193611145]}, {"obj_cls": "010_potted_meat_can", "rot": [[0.08957931399345398, 0.9684616327285767, 0.23250293731689453], [0.266498327255249, -0.24823638796806335, 0.9313201904296875], [0.9596635699272156, -0.02146538533270359, -0.28033024072647095]], "trans": [0.05135735869407654, -0.10520902276039124, -0.49201852083206177]}, {"obj_cls": "010_potted_meat_can", "rot": [[-0.2972039580345154, 0.952358603477478, 0.06843212246894836], [0.10517502576112747, -0.038580965250730515, 0.9937050342559814], [0.9490036964416504, 0.3025304079055786, -0.08869791775941849]], "trans": [0.051635295152664185, -0.10605867952108383, -0.4917529821395874]}, {"obj_cls": "010_potted_meat_can", "rot": [[0.20875754952430725, 0.9442523717880249, 0.25457367300987244], [0.29272890090942383, -0.3087061047554016, 0.904991865158081], [0.9331291913986206, -0.11440281569957733, -0.340854674577713]], "trans": [0.05184265226125717, -0.10633276402950287, -0.4957248270511627]}, {"obj_cls": "010_potted_meat_can", "rot": [[0.5240539312362671, 0.8180669546127319, 0.23692597448825836], [0.2640804648399353, -0.42055290937423706, 0.8679842948913574], [0.8097091913223267, -0.3923030495643616, -0.43642789125442505]], "trans": [0.052825868129730225, -0.1060536801815033, -0.4968775510787964]}, {"obj_cls": "010_potted_meat_can", "rot": [[-0.10533180087804794, 0.9747806787490845, 0.1967432200908661], [0.2362137883901596, -0.1676558554172516, 0.9571282863616943], [0.965975284576416, 0.14728949964046478, -0.21259713172912598]], "trans": [0.05246098339557648, -0.10730981826782227, -0.49534979462623596]}, {"obj_cls": "010_potted_meat_can", "rot": [[-0.14050836861133575, 0.9753519296646118, 0.17013521492481232], [0.21850793063640594, -0.1370542347431183, 0.9661627411842346], [0.9656664729118347, 0.17292985320091248, -0.1938648670911789]], "trans": [0.05259440094232559, -0.10660692304372787, -0.49707967042922974]}, {"obj_cls": "010_potted_meat_can", "rot": [[-0.02943788282573223, 0.9903578758239746, 0.13536876440048218], [0.0890418142080307, -0.13229088485240936, 0.9872034788131714], [0.9955927729606628, 0.04111466184258461, -0.08428890258073807]], "trans": [0.052870843559503555, -0.10826066881418228, -0.4939364492893219]}, {"obj_cls": "010_potted_meat_can", "rot": [[-0.2382960170507431, 0.9674819707870483, 0.0848153606057167], [0.09868656098842621, -0.0627574697136879, 0.9931376576423645], [0.9661656022071838, 0.24503089487552643, -0.08052261918783188]], "trans": [0.05365348607301712, -0.10856553912162781, -0.49546605348587036]}, {"obj_cls": "010_potted_meat_can", "rot": [[-0.198937326669693, 0.9747235178947449, 0.10167592018842697], [0.07572823762893677, -0.08814995735883713, 0.9932244420051575], [0.9770819544792175, 0.20528915524482727, -0.05627778172492981]], "trans": [0.05393495783209801, -0.10805119574069977, -0.49524328112602234]}, {"obj_cls": "010_potted_meat_can", "rot": [[-0.19979068636894226, 0.9749988913536072, 0.09726681560277939], [0.09964504092931747, -0.07853612303733826, 0.9919188022613525], [0.9747586846351624, 0.207868292927742, -0.08146302402019501]], "trans": [0.054127037525177, -0.10687606781721115, -0.49446266889572144]}, {"obj_cls": "010_potted_meat_can", "rot": [[-0.1799667924642563, 0.9761873483657837, 0.12112044543027878], [0.14664119482040405, -0.09513052552938461, 0.9846047759056091], [0.9726809859275818, 0.1949574053287506, -0.12602895498275757]], "trans": [0.05384472757577896, -0.10705243796110153, -0.49625957012176514]}, {"obj_cls": "010_potted_meat_can", "rot": [[-0.3013252317905426, 0.9499882459640503, 0.0820089802145958], [0.11710330098867416, -0.048486318439245224, 0.9919354319572449], [0.9463033080101013, 0.30849871039390564, -0.09663660824298859]], "trans": [0.05435502901673317, -0.10671067982912064, -0.4956665635108948]}, {"obj_cls": "010_potted_meat_can", "rot": [[-0.2318587303161621, 0.9601795077323914, 0.15587462484836578], [0.23150505125522614, -0.10117004811763763, 0.9675588011741638], [0.9447999596595764, 0.2604227066040039, -0.19882924854755402]], "trans": [0.05362218618392944, -0.10726919770240784, -0.49646952748298645]}, {"obj_cls": "010_potted_meat_can", "rot": [[-0.13180387020111084, 0.9515321254730225, 0.277874618768692], [0.36652469635009766, -0.21367359161376953, 0.9055402874946594], [0.9210251569747925, 0.22120162844657898, -0.3205970227718353]], "trans": [0.05333626642823219, -0.10744985193014145, -0.4966483414173126]}, {"obj_cls": "010_potted_meat_can", "rot": [[0.02345971390604973, 0.9307261109352112, 0.3649638295173645], [0.4399500787258148, -0.3374255895614624, 0.8322186470031738], [0.8977157473564148, 0.14104224741458893, -0.417388916015625]], "trans": [0.05407412722706795, -0.10603801906108856, -0.49783220887184143]}, {"obj_cls": "010_potted_meat_can", "rot": [[0.13158345222473145, 0.9264862537384033, 0.35257488489151], [0.33040982484817505, -0.37631967663764954, 0.8655708432197571], [0.9346203207969666, 0.002599399769678712, -0.3556375801563263]], "trans": [0.053104300051927567, -0.1056225448846817, -0.4970839023590088]}, {"obj_cls": "010_potted_meat_can", "rot": [[-0.2627652883529663, 0.931925892829895, 0.24993713200092316], [0.23829758167266846, -0.18833351135253906, 0.952756404876709], [0.9349699020385742, 0.30991071462631226, -0.17258816957473755]], "trans": [0.05504408851265907, -0.10694324970245361, -0.4959661066532135]}, {"obj_cls": "010_potted_meat_can", "rot": [[-0.23944751918315887, 0.9148104190826416, 0.32524874806404114], [0.2212325781583786, -0.27477318048477173, 0.9357114434242249], [0.9453681707382202, 0.2960093915462494, -0.13659211993217468]], "trans": [0.0547635443508625, -0.10607345402240753, -0.49757009744644165]}, {"obj_cls": "010_potted_meat_can", "rot": [[-0.29478129744529724, 0.9182632565498352, 0.2643796503543854], [0.1473790407180786, -0.22967314720153809, 0.9620445370674133], [0.9441310167312622, 0.3225567638874054, -0.06762940436601639]], "trans": [0.055494196712970734, -0.10641172528266907, -0.49757716059684753]}, {"obj_cls": "010_potted_meat_can", "rot": [[-0.14752009510993958, 0.947618842124939, 0.2832954525947571], [0.12410728633403778, -0.2664301097393036, 0.9558307528495789], [0.9812416434288025, 0.17616327106952667, -0.07830260694026947]], "trans": [0.05488292872905731, -0.10552871227264404, -0.49775776267051697]}, {"obj_cls": "010_potted_meat_can", "rot": [[0.012550130486488342, 0.9276103377342224, 0.3733384609222412], [0.24186186492443085, -0.36509716510772705, 0.899003267288208], [0.9702295064926147, 0.07901372760534286, -0.22893556952476501]], "trans": [0.05519581586122513, -0.10682564973831177, -0.4962465167045593]}, {"obj_cls": "010_potted_meat_can", "rot": [[0.10769728571176529, 0.9415398240089417, 0.31922411918640137], [0.11929488182067871, -0.3310103118419647, 0.9360560178756714], [0.9870005249977112, -0.0627288892865181, -0.1479697972536087]], "trans": [0.053263597190380096, -0.10578781366348267, -0.49763035774230957]}, {"obj_cls": "010_potted_meat_can", "rot": [[0.7428244352340698, 0.547024130821228, 0.3859746754169464], [-0.07695558667182922, -0.5029353499412537, 0.8608913421630859], [0.6650485992431641, -0.6691940426826477, -0.33149611949920654]], "trans": [0.054667968302965164, -0.1094733253121376, -0.4987238049507141]}, {"obj_cls": "010_potted_meat_can", "rot": [[0.9529769420623779, -0.030627096071839333, 0.3014911115169525], [-0.28145769238471985, -0.458205908536911, 0.8431066870689392], [0.112323097884655, -0.8883182406425476, -0.44527989625930786]], "trans": [0.0534205436706543, -0.10741681605577469, -0.49836888909339905]}, {"obj_cls": "010_potted_meat_can", "rot": [[0.8285234570503235, 0.43323296308517456, 0.35476478934288025], [-0.08717459440231323, -0.5260398983955383, 0.8459802865982056], [0.5531269907951355, -0.731840968132019, -0.39806947112083435]], "trans": [0.05564916506409645, -0.11113462597131729, -0.4984993040561676]}, {"obj_cls": "010_potted_meat_can", "rot": [[0.8374348282814026, 0.4229656159877777, 0.3461257219314575], [-0.09603296965360641, -0.5095763802528381, 0.8550494909286499], [0.5380340218544006, -0.7492876648902893, -0.3861183524131775]], "trans": [0.05578535795211792, -0.11423840373754501, -0.49852779507637024]}, {"obj_cls": "010_potted_meat_can", "rot": [[0.9460231065750122, -0.17985408008098602, 0.2696160078048706], [-0.3143949508666992, -0.3072173595428467, 0.898205578327179], [-0.07871522754430771, -0.9344891905784607, -0.34717991948127747]], "trans": [0.05442207679152489, -0.1091911792755127, -0.49802446365356445]}, {"obj_cls": "010_potted_meat_can", "rot": [[0.9006600379943848, -0.386481910943985, 0.19860324263572693], [-0.3466961681842804, -0.3636358976364136, 0.8646216988563538], [-0.2619413733482361, -0.8475852012634277, -0.46150410175323486]], "trans": [0.05505525693297386, -0.11520440131425858, -0.49669381976127625]}, {"obj_cls": "010_potted_meat_can", "rot": [[0.939334511756897, -0.23961877822875977, 0.2454252392053604], [-0.3269486129283905, -0.40915852785110474, 0.8518766760826111], [-0.10370782017707825, -0.8804386258125305, -0.46267974376678467]], "trans": [0.0540851429104805, -0.11085478961467743, -0.49811893701553345]}, {"obj_cls": "010_potted_meat_can", "rot": [[0.9053300023078918, 0.21796546876430511, 0.3645114600658417], [-0.24046386778354645, -0.4443822503089905, 0.862960934638977], [0.35007810592651367, -0.8689162731170654, -0.3498997688293457]], "trans": [0.05339537933468819, -0.11132469028234482, -0.49718400835990906]}, {"obj_cls": "010_potted_meat_can", "rot": [[0.8999386429786682, 0.24465879797935486, 0.36090514063835144], [-0.21966029703617096, -0.4606163203716278, 0.8599895238876343], [0.37664279341697693, -0.8532143235206604, -0.3607846200466156]], "trans": [0.05476531758904457, -0.1112750843167305, -0.4958030879497528]}, {"obj_cls": "010_potted_meat_can", "rot": [[0.8824754357337952, 0.32828155159950256, 0.33685067296028137], [-0.13407038152217865, -0.5108888745307922, 0.8491275906562805], [0.45084619522094727, -0.7944959402084351, -0.40683403611183167]], "trans": [0.056897491216659546, -0.11599276959896088, -0.49782705307006836]}, {"obj_cls": "010_potted_meat_can", "rot": [[0.6674882769584656, 0.6196639537811279, 0.41288742423057556], [-0.10469779372215271, -0.470882385969162, 0.8759612441062927], [0.7372230291366577, -0.6279222965240479, -0.24943102896213531]], "trans": [0.057070087641477585, -0.11077909916639328, -0.4964476525783539]}, {"obj_cls": "010_potted_meat_can", "rot": [[0.7944150567054749, 0.43056705594062805, 0.4283885061740875], [-0.31293484568595886, -0.3143368363380432, 0.8962500691413879], [0.5205540657043457, -0.8460522294044495, -0.11497446894645691]], "trans": [0.05811621993780136, -0.10937231779098511, -0.4975907802581787]}, {"obj_cls": "010_potted_meat_can", "rot": [[0.8669082522392273, 0.20100851356983185, 0.4561420977115631], [-0.3670605421066284, -0.36169669032096863, 0.8569959402084351], [0.3372485637664795, -0.9103686809539795, -0.23977555334568024]], "trans": [0.05926283821463585, -0.10646414756774902, -0.4983089566230774]}, {"obj_cls": "010_potted_meat_can", "rot": [[0.7295101284980774, 0.5182446241378784, 0.4463602602481842], [-0.25314170122146606, -0.40168389678001404, 0.8800961971282959], [0.6354008316993713, -0.7550314664840698, -0.16184313595294952]], "trans": [0.06038523465394974, -0.104996457695961, -0.49939727783203125]}, {"obj_cls": "010_potted_meat_can", "rot": [[0.7496432065963745, 0.48333898186683655, 0.4521266520023346], [-0.28415003418922424, -0.38192805647850037, 0.8794258236885071], [0.5977405905723572, -0.7877273559570312, -0.14896897971630096]], "trans": [0.05927984416484833, -0.10370200872421265, -0.4976390302181244]}, {"obj_cls": "010_potted_meat_can", "rot": [[0.6377098560333252, 0.6426745057106018, 0.4246123433113098], [-0.2831546664237976, -0.317061185836792, 0.905149519443512], [0.7163445949554443, -0.6974537372589111, -0.02021676115691662]], "trans": [0.060571976006031036, -0.101955845952034, -0.49762457609176636]}, {"obj_cls": "010_potted_meat_can", "rot": [[0.5053326487541199, 0.7534621953964233, 0.42063477635383606], [-0.26049113273620605, -0.3315179944038391, 0.906774640083313], [0.8226683735847473, -0.5677944421768188, 0.028743360191583633]], "trans": [0.05945257097482681, -0.09926269948482513, -0.4984610676765442]}, {"obj_cls": "010_potted_meat_can", "rot": [[0.5688667297363281, 0.732424795627594, 0.3740917146205902], [-0.28666257858276367, -0.2497541606426239, 0.9249039888381958], [0.770853579044342, -0.633385181427002, 0.06788194179534912]], "trans": [0.058853629976511, -0.09521686285734177, -0.5015119910240173]}, {"obj_cls": "010_potted_meat_can", "rot": [[0.5974326729774475, 0.6513761878013611, 0.4677427411079407], [-0.3825514316558838, -0.2811325788497925, 0.8801243305206299], [0.7047897577285767, -0.7047507166862488, 0.08122710138559341]], "trans": [0.058324553072452545, -0.09473703056573868, -0.500087320804596]}, {"obj_cls": "010_potted_meat_can", "rot": [[0.5547897219657898, 0.7052523493766785, 0.4413926303386688], [-0.4023962616920471, -0.2368953824043274, 0.8842837810516357], [0.7282071113586426, -0.6682063341140747, 0.15236379206180573]], "trans": [0.05899170786142349, -0.09259097278118134, -0.5000269412994385]}, {"obj_cls": "010_potted_meat_can", "rot": [[0.5929887294769287, 0.6548101305961609, 0.4686022698879242], [-0.4774336516857147, -0.18270006775856018, 0.859463632106781], [0.6483991742134094, -0.7333787679672241, 0.20428931713104248]], "trans": [0.058448243886232376, -0.09035460650920868, -0.5006473064422607]}, {"obj_cls": "010_potted_meat_can", "rot": [[0.655760645866394, 0.5246764421463013, 0.542855978012085], [-0.5083065032958984, -0.22481666505336761, 0.8313133716583252], [0.5582135915756226, -0.8210798501968384, 0.11927052587270737]], "trans": [0.0590074323117733, -0.08983491361141205, -0.49992674589157104]}, {"obj_cls": "010_potted_meat_can", "rot": [[0.7445211410522461, 0.2349182665348053, 0.6249013543128967], [-0.6352565288543701, -0.0385216623544693, 0.7713398933410645], [0.2052740603685379, -0.9712514877319336, 0.12055317312479019]], "trans": [0.060129620134830475, -0.08806432783603668, -0.501959502696991]}, {"obj_cls": "010_potted_meat_can", "rot": [[0.7391881942749023, 0.402143269777298, 0.5402606725692749], [-0.5726432800292969, -0.046971920877695084, 0.8184579014778137], [0.3545144200325012, -0.9143710732460022, 0.19556355476379395]], "trans": [0.06035293638706207, -0.0857592299580574, -0.49957823753356934]}, {"obj_cls": "010_potted_meat_can", "rot": [[0.7322959303855896, 0.1969040036201477, 0.6518983840942383], [-0.671044111251831, 0.04566561058163643, 0.7400097250938416], [0.11594153940677643, -0.9793586730957031, 0.16557201743125916]], "trans": [0.06089267134666443, -0.08516258001327515, -0.5001490712165833]}, {"obj_cls": "010_potted_meat_can", "rot": [[0.6819743514060974, 0.21760661900043488, 0.6982538104057312], [-0.7236860394477844, 0.06269235163927078, 0.6872759461402893], [0.10578061640262604, -0.9740210771560669, 0.20023344457149506]], "trans": [0.06071970611810684, -0.08332083374261856, -0.5000899434089661]}, {"obj_cls": "010_potted_meat_can", "rot": [[0.6470939517021179, -0.049279920756816864, 0.7608159780502319], [-0.7436542510986328, 0.17918823659420013, 0.6441039443016052], [-0.16807065904140472, -0.9825798273086548, 0.07930439710617065]], "trans": [0.05970388650894165, -0.07884544134140015, -0.5010430812835693]}, {"obj_cls": "010_potted_meat_can", "rot": [[0.6845116019248962, 0.10352873802185059, 0.7216132879257202], [-0.7267981767654419, 0.17382709681987762, 0.6644911766052246], [-0.056641995906829834, -0.9793190956115723, 0.19423115253448486]], "trans": [0.06145940348505974, -0.0747658759355545, -0.49702557921409607]}, {"obj_cls": "010_potted_meat_can", "rot": [[0.5254106521606445, -0.1945105344057083, 0.8283171653747559], [-0.7355539202690125, 0.38549503684043884, 0.5570942759513855], [-0.4276728630065918, -0.901975154876709, 0.05947022885084152]], "trans": [0.06168918311595917, -0.07100936770439148, -0.49947214126586914]}, {"obj_cls": "010_potted_meat_can", "rot": [[0.5062494874000549, -0.11620787531137466, 0.8545215725898743], [-0.7392981648445129, 0.4516909122467041, 0.4994131922721863], [-0.44401541352272034, -0.8845739364624023, 0.14275602996349335]], "trans": [0.06370042264461517, -0.06806114315986633, -0.5006990432739258]}, {"obj_cls": "010_potted_meat_can", "rot": [[0.5931879281997681, -0.16393649578094482, 0.7881959676742554], [-0.6481264233589172, 0.483517050743103, 0.5883395671844482], [-0.4775565266609192, -0.8598465323448181, 0.18056491017341614]], "trans": [0.0642523393034935, -0.06397552043199539, -0.4914048910140991]}, {"obj_cls": "010_potted_meat_can", "rot": [[0.7064347267150879, -0.18407821655273438, 0.6834216713905334], [-0.4752148687839508, 0.592217743396759, 0.6507295966148376], [-0.5245195627212524, -0.7844700813293457, 0.33088651299476624]], "trans": [0.06520485132932663, -0.06030144542455673, -0.4925980269908905]}, {"obj_cls": "010_potted_meat_can", "rot": [[0.8171764612197876, -0.2987057864665985, 0.4929477274417877], [-0.2176882028579712, 0.631952702999115, 0.7438061833381653], [-0.5336988568305969, -0.7151298522949219, 0.45139214396476746]], "trans": [0.06728771328926086, -0.05901387706398964, -0.4936979115009308]}, {"obj_cls": "010_potted_meat_can", "rot": [[0.9111722111701965, -0.31741833686828613, 0.2626991271972656], [0.03602716326713562, 0.6965155005455017, 0.7166367173194885], [-0.4104476571083069, -0.6435151100158691, 0.646081268787384]], "trans": [0.06701670587062836, -0.054611675441265106, -0.48635751008987427]}, {"obj_cls": "010_potted_meat_can", "rot": [[0.9184051156044006, -0.10296112298965454, 0.38200920820236206], [-0.19808155298233032, 0.7161581516265869, 0.6692392826080322], [-0.34248462319374084, -0.690301775932312, 0.6373286247253418]], "trans": [0.06752233952283859, -0.05159516632556915, -0.48499321937561035]}, {"obj_cls": "010_potted_meat_can", "rot": [[0.8706367015838623, -0.2779666781425476, 0.40586477518081665], [-0.14997495710849762, 0.6357884407043457, 0.7571529150009155], [-0.46850743889808655, -0.7200747132301331, 0.5118527412414551]], "trans": [0.06558959931135178, -0.05253765732049942, -0.48745840787887573]}, {"obj_cls": "010_potted_meat_can", "rot": [[0.8675711750984192, -0.025031803175807, 0.49668270349502563], [-0.259350061416626, 0.8293949365615845, 0.4948146641254425], [-0.42433223128318787, -0.5581015944480896, 0.7130671739578247]], "trans": [0.06385667622089386, -0.052395932376384735, -0.4802875518798828]}, {"obj_cls": "010_potted_meat_can", "rot": [[0.9269115924835205, -0.18236035108566284, 0.327993243932724], [-0.06885840743780136, 0.7765135765075684, 0.6263267397880554], [-0.3689083755016327, -0.6031346321105957, 0.7072023749351501]], "trans": [0.07269500941038132, -0.04451565816998482, -0.48014819622039795]}, {"obj_cls": "010_potted_meat_can", "rot": [[0.9035413861274719, 0.013755761086940765, 0.42827996611595154], [-0.26917997002601624, 0.7958799004554749, 0.5423258543014526], [-0.33339932560920715, -0.6052982807159424, 0.7228131890296936]], "trans": [0.06578647345304489, -0.049309246242046356, -0.47552189230918884]}, {"obj_cls": "010_potted_meat_can", "rot": [[0.8428870439529419, 0.12153542041778564, 0.5241855978965759], [-0.4102010130882263, 0.7755979895591736, 0.47977375984191895], [-0.34824782609939575, -0.6194165349006653, 0.7035954594612122]], "trans": [0.06553105264902115, -0.050513144582509995, -0.47505784034729004]}, {"obj_cls": "010_potted_meat_can", "rot": [[0.8044998049736023, 0.03357647359371185, 0.5930030941963196], [-0.39832186698913574, 0.7711063623428345, 0.4967239499092102], [-0.4405902326107025, -0.6358204483985901, 0.6337291598320007]], "trans": [0.06705958396196365, -0.05350804328918457, -0.47354042530059814]}, {"obj_cls": "010_potted_meat_can", "rot": [[0.7798904776573181, -0.03778742253780365, 0.6247743368148804], [-0.3568475544452667, 0.7932195067405701, 0.4934193193912506], [-0.5142282247543335, -0.6077622175216675, 0.605139970779419]], "trans": [0.07083556801080704, -0.05294739827513695, -0.47218915820121765]}, {"obj_cls": "010_potted_meat_can", "rot": [[0.6717861294746399, -0.16996225714683533, 0.7209828495979309], [-0.3671756982803345, 0.7689273953437805, 0.5233858227729797], [-0.6433392763137817, -0.6163306832313538, 0.4541487395763397]], "trans": [0.06914900988340378, -0.051811933517456055, -0.47368377447128296]}, {"obj_cls": "010_potted_meat_can", "rot": [[0.7084091305732727, -0.11642948538064957, 0.6961326599121094], [-0.3705815374851227, 0.7780545949935913, 0.5072478652000427], [-0.6006878018379211, -0.6173129081726074, 0.508034348487854]], "trans": [0.06895235180854797, -0.051006168127059937, -0.4712938070297241]}, {"obj_cls": "010_potted_meat_can", "rot": [[0.8326984643936157, -0.038285039365291595, 0.552401602268219], [-0.3498188555240631, 0.7369420528411865, 0.5783970952033997], [-0.4292319118976593, -0.6748708486557007, 0.6002576947212219]], "trans": [0.07080212235450745, -0.05146446079015732, -0.46689313650131226]}, {"obj_cls": "010_potted_meat_can", "rot": [[0.9623509645462036, -0.27050676941871643, 0.026583177968859673], [-0.2613273859024048, -0.8939035534858704, 0.3642038106918335], [-0.07475680112838745, -0.3574388027191162, -0.930939793586731]], "trans": [0.0778023824095726, -0.05124784633517265, -0.4693138003349304]}, {"obj_cls": "010_potted_meat_can", "rot": [[0.9234355092048645, -0.2834600508213043, -0.25868362188339233], [0.14640899002552032, 0.8833330273628235, -0.44529443979263306], [0.35472697019577026, 0.3733271062374115, 0.8572022318840027]], "trans": [0.08208942413330078, -0.04473385587334633, -0.4752352237701416]}, {"obj_cls": "010_potted_meat_can", "rot": [[0.9453057050704956, -0.1598280519247055, -0.2843451499938965], [-0.03810390084981918, 0.8116509318351746, -0.5828986763954163], [0.3239525556564331, 0.5618520975112915, 0.7611681222915649]], "trans": [0.08357278257608414, -0.04329859837889671, -0.476518452167511]}, {"obj_cls": "010_potted_meat_can", "rot": [[0.869441568851471, -0.07398990541696548, -0.48846375942230225], [-0.4070274531841278, -0.6676486134529114, -0.6233570575714111], [-0.2800000309944153, 0.7407907247543335, -0.6105973720550537]], "trans": [0.09228020161390305, -0.0412607342004776, -0.4932800829410553]}, {"obj_cls": "010_potted_meat_can", "rot": [[0.890001118183136, -0.07438276708126068, -0.44985026121139526], [-0.027733897790312767, -0.9936082363128662, 0.10942336916923523], [-0.45511412620544434, -0.0849108174443245, -0.886375367641449]], "trans": [0.09086020290851593, -0.03731624409556389, -0.49778875708580017]}, {"obj_cls": "010_potted_meat_can", "rot": [[0.8776429891586304, 0.028451994061470032, -0.47846972942352295], [0.14879660308361053, -0.9650907516479492, 0.21554456651210785], [-0.4556340277194977, -0.2603658437728882, -0.8512386679649353]], "trans": [0.10249273478984833, -0.03615102171897888, -0.5191263556480408]}, {"obj_cls": "010_potted_meat_can", "rot": [[0.047786734998226166, -0.4916674494743347, -0.8694708347320557], [0.9773461222648621, -0.1566639095544815, 0.14230577647686005], [-0.2061818242073059, -0.856574296951294, 0.4730428457260132]], "trans": [0.10563212633132935, -0.03087829053401947, -0.5111749768257141]}, {"obj_cls": "010_potted_meat_can", "rot": [[0.020590776577591896, -0.5509556531906128, -0.8342804312705994], [0.9891038537025452, -0.11044102907180786, 0.09734679013490677], [-0.1457725614309311, -0.8271944522857666, 0.5426782965660095]], "trans": [0.10672555863857269, -0.028518391773104668, -0.5122634172439575]}, {"obj_cls": "010_potted_meat_can", "rot": [[-0.1251804679632187, -0.8362105488777161, -0.5339304804801941], [0.9767912030220032, -0.0095974775031209, -0.21397855877876282], [0.17380674183368683, -0.5483245253562927, 0.8180045485496521]], "trans": [0.11111317574977875, -0.022747572511434555, -0.5171236395835876]}, {"obj_cls": "010_potted_meat_can", "rot": [[-0.10600080341100693, -0.8340525031089783, -0.5414057970046997], [0.9805542230606079, 0.002757604233920574, -0.1962290108203888], [0.16515828669071198, -0.5516781806945801, 0.8175414204597473]], "trans": [0.11501365900039673, -0.022624213248491287, -0.5160782933235168]}, {"obj_cls": "010_potted_meat_can", "rot": [[-0.2714250087738037, -0.8285539150238037, -0.4897212088108063], [0.9550639986991882, -0.16890987753868103, -0.24356164038181305], [0.11908520013093948, -0.5338237881660461, 0.8371683359146118]], "trans": [0.11723648756742477, -0.02036171406507492, -0.5139932036399841]}, {"obj_cls": "010_potted_meat_can", "rot": [[-0.1855316460132599, -0.8176364898681641, -0.5450215935707092], [0.9826321601867676, -0.15633484721183777, -0.09996720403432846], [-0.0034690264146775007, -0.5541028380393982, 0.832440972328186]], "trans": [0.11984474956989288, -0.0216835867613554, -0.5172052979469299]}, {"obj_cls": "010_potted_meat_can", "rot": [[-0.17314760386943817, -0.8662659525871277, -0.46861839294433594], [0.9750978350639343, -0.08382928371429443, -0.20532143115997314], [0.13857902586460114, -0.4924996793270111, 0.859208881855011]], "trans": [0.1220678761601448, -0.01840958371758461, -0.5133622884750366]}, {"obj_cls": "010_potted_meat_can", "rot": [[-0.20051483809947968, -0.8580648303031921, -0.47277748584747314], [0.9670342206954956, -0.09603351354598999, -0.2358439862728119], [0.1569669544696808, -0.5044822096824646, 0.8490341901779175]], "trans": [0.12082220613956451, -0.018671300262212753, -0.5064967274665833]}, {"obj_cls": "010_potted_meat_can", "rot": [[-0.20135408639907837, -0.8039993643760681, -0.5595011115074158], [0.9792536497116089, -0.15194620192050934, -0.134069561958313], [0.022777773439884186, -0.5748890042304993, 0.8179143071174622]], "trans": [0.12269224226474762, -0.016969408839941025, -0.5095891952514648]}, {"obj_cls": "010_potted_meat_can", "rot": [[-0.10195622593164444, -0.8529793620109558, -0.5118897557258606], [0.9763915538787842, 0.012698875740170479, -0.21563448011875153], [0.19043219089508057, -0.5217901468276978, 0.8315471410751343]], "trans": [0.12321469932794571, -0.01789640448987484, -0.5094574093818665]}, {"obj_cls": "010_potted_meat_can", "rot": [[-0.14023332297801971, -0.8305032849311829, -0.5390722751617432], [0.9831758737564087, -0.05243968963623047, -0.17497225105762482], [0.11704625189304352, -0.5545397996902466, 0.8238846063613892]], "trans": [0.12484485656023026, -0.02090306580066681, -0.511528730392456]}, {"obj_cls": "010_potted_meat_can", "rot": [[-0.267537385225296, -0.7719913721084595, -0.576587438583374], [0.9598723649978638, -0.16131803393363953, -0.2293938547372818], [0.08407613635063171, -0.61482173204422, 0.7841718196868896]], "trans": [0.12347181141376495, -0.020488766953349113, -0.5077459216117859]}, {"obj_cls": "010_potted_meat_can", "rot": [[-0.21329887211322784, -0.8027216792106628, -0.5569035410881042], [0.9673481583595276, -0.09365073591470718, -0.23551440238952637], [0.13689808547496796, -0.5889545679092407, 0.7964869141578674]], "trans": [0.12470179796218872, -0.02185830846428871, -0.5099375247955322]}, {"obj_cls": "010_potted_meat_can", "rot": [[-0.2918061316013336, -0.7616209983825684, -0.5786040425300598], [0.9438844919204712, -0.1314597874879837, -0.3029857277870178], [0.15469712018966675, -0.6345484852790833, 0.7572430372238159]], "trans": [0.126213937997818, -0.022191829979419708, -0.50446617603302]}, {"obj_cls": "010_potted_meat_can", "rot": [[-0.2272975593805313, -0.7699194550514221, -0.5962884426116943], [0.9537419676780701, -0.05228481814265251, -0.29604485630989075], [0.1967538595199585, -0.6359955668449402, 0.7461887001991272]], "trans": [0.12744612991809845, -0.021640799939632416, -0.5051040649414062]}, {"obj_cls": "010_potted_meat_can", "rot": [[-0.18359524011611938, -0.7073885798454285, -0.682564377784729], [0.9763371348381042, -0.050502728670835495, -0.2102743685245514], [0.11427433043718338, -0.7050183415412903, 0.6999217867851257]], "trans": [0.13094331324100494, -0.021204300224781036, -0.5017921924591064]}, {"obj_cls": "010_potted_meat_can", "rot": [[-0.36392149329185486, -0.6771653890609741, -0.6395374536514282], [0.924890398979187, -0.18150101602077484, -0.33411848545074463], [0.11017676442861557, -0.71309494972229, 0.6923558712005615]], "trans": [0.1316480040550232, -0.019259944558143616, -0.5024250745773315]}, {"obj_cls": "010_potted_meat_can", "rot": [[-0.2876187562942505, -0.2194649875164032, -0.9322609901428223], [0.8646431565284729, -0.4781371057033539, -0.15419848263263702], [-0.4119074046611786, -0.8504234552383423, 0.32728010416030884]], "trans": [0.13235105574131012, -0.015704793855547905, -0.4970379173755646]}, {"obj_cls": "010_potted_meat_can", "rot": [[0.18805524706840515, 0.0906618982553482, -0.9779650568962097], [0.7728559970855713, -0.6281114816665649, 0.09038549661636353], [-0.6060765385627747, -0.7728236317634583, -0.18818825483322144]], "trans": [0.13179521262645721, -0.013862553983926773, -0.4965638816356659]}, {"obj_cls": "010_potted_meat_can", "rot": [[0.7016879916191101, 0.31757691502571106, -0.63779217004776], [-0.015108502469956875, -0.8883329629898071, -0.4589512348175049], [-0.7123241424560547, 0.3316766619682312, -0.618534505367279]], "trans": [0.13116677105426788, -0.015644794330000877, -0.48720401525497437]}, {"obj_cls": "010_potted_meat_can", "rot": [[0.6718554496765137, 0.2653617560863495, -0.6915152668952942], [0.14287817478179932, -0.962516188621521, -0.23053939640522003], [-0.7267709970474243, 0.056086719036102295, -0.6845861673355103]], "trans": [0.13488337397575378, -0.012085364200174809, -0.5003325939178467]}, {"obj_cls": "010_potted_meat_can", "rot": [[0.7896020412445068, 0.17614498734474182, -0.5877938270568848], [0.02936306595802307, -0.9676617980003357, -0.2505362331867218], [-0.6129163503646851, 0.1805644929409027, -0.7692399024963379]], "trans": [0.13137155771255493, -0.018113315105438232, -0.4745884835720062]}, {"obj_cls": "010_potted_meat_can", "rot": [[0.7289568185806274, 0.184324711561203, -0.6592771410942078], [-0.6842273473739624, 0.16617779433727264, -0.7100830078125], [-0.021328629925847054, 0.9687153100967407, 0.24725644290447235]], "trans": [0.13190029561519623, -0.017506172880530357, -0.4838579297065735]}, {"obj_cls": "010_potted_meat_can", "rot": [[0.8393186926841736, -0.028717244043946266, -0.5428807139396667], [-0.5379307270050049, -0.18821194767951965, -0.8217096924781799], [-0.07857940346002579, 0.9817085266113281, -0.17341768741607666]], "trans": [0.1287544071674347, -0.01922355405986309, -0.47442305088043213]}, {"obj_cls": "010_potted_meat_can", "rot": [[0.7617809176445007, 0.1417156457901001, -0.6321443915367126], [0.5100113749504089, -0.7328822016716003, 0.45030224323272705], [-0.39947250485420227, -0.6654324531555176, -0.6305722594261169]], "trans": [0.12909337878227234, -0.01983158104121685, -0.4704436659812927]}, {"obj_cls": "010_potted_meat_can", "rot": [[0.7862117886543274, 0.09083495289087296, -0.6112446784973145], [0.566734790802002, -0.5002914667129517, 0.6546145081520081], [-0.2463386207818985, -0.861079216003418, -0.44481438398361206]], "trans": [0.12681321799755096, -0.021624138578772545, -0.46702536940574646]}, {"obj_cls": "010_potted_meat_can", "rot": [[0.5880892276763916, -0.18404258787631989, -0.7875781655311584], [0.7738483548164368, 0.4111880958080292, 0.4817499816417694], [0.23518027365207672, -0.8927780389785767, 0.38423633575439453]], "trans": [0.12550611793994904, -0.0224161297082901, -0.46267634630203247]}, {"obj_cls": "010_potted_meat_can", "rot": [[0.6286895871162415, -0.24000878632068634, -0.7396926283836365], [0.5738964676856995, 0.7850697040557861, 0.23304158449172974], [0.5247782468795776, -0.5710178017616272, 0.6313053965568542]], "trans": [0.12526115775108337, -0.024590935558080673, -0.4642091989517212]}, {"obj_cls": "010_potted_meat_can", "rot": [[0.6502357125282288, -0.29713043570518494, -0.6992188692092896], [0.6194615364074707, 0.7401828169822693, 0.2615278363227844], [0.4398418962955475, -0.6031939387321472, 0.6653541922569275]], "trans": [0.12434928864240646, -0.025714963674545288, -0.4658344089984894]}, {"obj_cls": "010_potted_meat_can", "rot": [[0.6752391457557678, -0.31251752376556396, -0.6681203842163086], [0.5959560871124268, 0.7648805379867554, 0.24452824890613556], [0.4346129596233368, -0.5632854700088501, 0.702724039554596]], "trans": [0.12581613659858704, -0.026254793629050255, -0.4633895456790924]}, {"obj_cls": "010_potted_meat_can", "rot": [[0.7716042995452881, -0.32519757747650146, -0.5466930866241455], [0.5023075342178345, 0.8388004302978516, 0.21000230312347412], [0.39027413725852966, -0.4366467297077179, 0.8105712532997131]], "trans": [0.12351126968860626, -0.028112567961215973, -0.4623660743236542]}, {"obj_cls": "010_potted_meat_can", "rot": [[0.7441110014915466, -0.41465604305267334, -0.5237930417060852], [0.6056952476501465, 0.7495237588882446, 0.2671092450618744], [0.2818368673324585, -0.5160179138183594, 0.8088840842247009]], "trans": [0.12395601719617844, -0.02701665461063385, -0.45982664823532104]}, {"obj_cls": "010_potted_meat_can", "rot": [[0.6859423518180847, -0.29377278685569763, -0.665718138217926], [0.5996996164321899, 0.7463929057121277, 0.2885446846485138], [0.4121207296848297, -0.5971559286117554, 0.6881579160690308]], "trans": [0.1224200651049614, -0.024292176589369774, -0.45919474959373474]}, {"obj_cls": "010_potted_meat_can", "rot": [[0.6784816384315491, -0.40657007694244385, -0.6118524670600891], [0.5630326271057129, 0.822782039642334, 0.0776146650314331], [0.4718654155731201, -0.39715301990509033, 0.7871546745300293]], "trans": [0.11965140700340271, -0.021299714222550392, -0.4634602665901184]}, {"obj_cls": "010_potted_meat_can", "rot": [[0.6743592023849487, -0.44574660062789917, -0.5886846780776978], [0.5789837837219238, 0.813988983631134, 0.046901486814022064], [0.4582766592502594, -0.3724673390388489, 0.807000994682312]], "trans": [0.1164054125547409, -0.018227625638246536, -0.46226537227630615]}, {"obj_cls": "010_potted_meat_can", "rot": [[0.6432821750640869, -0.5044460892677307, -0.5759533047676086], [0.604803740978241, 0.7960779070854187, -0.02173607423901558], [0.469468355178833, -0.33435624837875366, 0.8171935677528381]], "trans": [0.11700382083654404, -0.018532751128077507, -0.46796903014183044]}, {"obj_cls": "010_potted_meat_can", "rot": [[0.570366621017456, -0.5644251108169556, -0.5967463850975037], [0.685382068157196, 0.7274376153945923, -0.032953787595033646], [0.45269569754600525, -0.3902035057544708, 0.8017529845237732]], "trans": [0.11664734035730362, -0.01863768696784973, -0.47027143836021423]}, {"obj_cls": "010_potted_meat_can", "rot": [[0.5257672071456909, -0.643206775188446, -0.5566451549530029], [0.7388341426849365, 0.6696017384529114, -0.07587890326976776], [0.4215364158153534, -0.37137383222579956, 0.8272777795791626]], "trans": [0.11450012028217316, -0.018027808517217636, -0.4720210134983063]}, {"obj_cls": "010_potted_meat_can", "rot": [[0.5114666819572449, -0.6290730237960815, -0.5853793025016785], [0.7209585309028625, 0.6848215460777283, -0.10601071268320084], [0.46756884455680847, -0.36781325936317444, 0.8037989735603333]], "trans": [0.11419006437063217, -0.0159254539757967, -0.4717840850353241]}, {"obj_cls": "010_potted_meat_can", "rot": [[0.45928749442100525, -0.7076295018196106, -0.5369501709938049], [0.7922768592834473, 0.5996794700622559, -0.11261381953954697], [0.4016868770122528, -0.3736911118030548, 0.8360637426376343]], "trans": [0.11598663032054901, -0.014872876927256584, -0.47528892755508423]}, {"obj_cls": "010_potted_meat_can", "rot": [[0.5434730648994446, -0.6479576230049133, -0.5336552262306213], [0.7682818174362183, 0.6400904059410095, 0.0052263131365180016], [0.3382011651992798, -0.4128379821777344, 0.8456859588623047]], "trans": [0.12046848237514496, -0.013388063758611679, -0.4827917218208313]}, {"obj_cls": "010_potted_meat_can", "rot": [[0.36619332432746887, -0.6863499283790588, -0.6283520460128784], [0.8471871614456177, 0.5252382755279541, -0.07999178022146225], [0.3849368989467621, -0.5030393004417419, 0.773805558681488]], "trans": [0.11685382574796677, -0.012420689687132835, -0.4805028438568115]}, {"obj_cls": "010_potted_meat_can", "rot": [[0.3769069015979767, -0.7190399169921875, -0.583885908126831], [0.8603806495666504, 0.5052529573440552, -0.0668172538280487], [0.3430543839931488, -0.47718027234077454, 0.8090813755989075]], "trans": [0.11247582733631134, -0.01118919812142849, -0.4733573794364929]}, {"obj_cls": "010_potted_meat_can", "rot": [[0.4157923758029938, -0.6308098435401917, -0.6551302075386047], [0.7940157055854797, 0.6030375957489014, -0.07671207189559937], [0.4434588849544525, -0.48828738927841187, 0.7516113519668579]], "trans": [0.11126784980297089, -0.010340132750570774, -0.46930578351020813]}, {"obj_cls": "010_potted_meat_can", "rot": [[0.4381536841392517, -0.730739951133728, -0.5234887599945068], [0.8108490109443665, 0.572669506072998, -0.12072078138589859], [0.38800156116485596, -0.37157610058784485, 0.8434370160102844]], "trans": [0.10702753067016602, -0.01260046660900116, -0.47053658962249756]}, {"obj_cls": "010_potted_meat_can", "rot": [[0.4330648183822632, -0.6876344680786133, -0.5827638506889343], [0.8465031385421753, 0.5323830246925354, 0.000867944210767746], [0.3096567690372467, -0.49368730187416077, 0.8126410841941833]], "trans": [0.10654847323894501, -0.01164037361741066, -0.47520869970321655]}, {"obj_cls": "010_potted_meat_can", "rot": [[0.41351088881492615, -0.768160879611969, -0.4888123869895935], [0.8955292701721191, 0.44008246064186096, 0.06599051505327225], [0.16442643105983734, -0.465033620595932, 0.869889497756958]], "trans": [0.10526822507381439, -0.009787783958017826, -0.48468875885009766]}, {"obj_cls": "010_potted_meat_can", "rot": [[0.4943371117115021, -0.7886799573898315, -0.3655334413051605], [0.8221795558929443, 0.2876844108104706, 0.4911806583404541], [-0.2822260856628418, -0.5433429479598999, 0.7906496524810791]], "trans": [0.10327276587486267, -0.010867674835026264, -0.49195581674575806]}, {"obj_cls": "010_potted_meat_can", "rot": [[0.5941624641418457, -0.7919812798500061, -0.14048722386360168], [0.5816684365272522, 0.30243369936943054, 0.7551130056381226], [-0.555547297000885, -0.5303767919540405, 0.6403652429580688]], "trans": [0.10045316815376282, -0.013003382831811905, -0.49775230884552]}, {"obj_cls": "010_potted_meat_can", "rot": [[0.6956818699836731, -0.6530202031135559, 0.29931825399398804], [0.06274875998497009, 0.4703240692615509, 0.8802601099014282], [-0.7156041860580444, -0.5935991406440735, 0.3681721091270447]], "trans": [0.10002046823501587, -0.01713624782860279, -0.5002349019050598]}, {"obj_cls": "010_potted_meat_can", "rot": [[0.6843887567520142, -0.6419599652290344, 0.3456869125366211], [0.039954036474227905, 0.506424605846405, 0.861358106136322], [-0.7280217409133911, -0.5756922364234924, 0.37224018573760986]], "trans": [0.09884228557348251, -0.016092630103230476, -0.49523141980171204]}, {"obj_cls": "010_potted_meat_can", "rot": [[0.5468980669975281, -0.5561144948005676, 0.6258108019828796], [-0.22850733995437622, 0.619968056678772, 0.7506157755851746], [-0.8054110407829285, -0.5535126328468323, 0.2119830697774887]], "trans": [0.0988202765583992, -0.016651319339871407, -0.4916840195655823]}, {"obj_cls": "010_potted_meat_can", "rot": [[0.5167485475540161, -0.6023373603820801, 0.6084082722663879], [-0.24532262980937958, 0.5766671299934387, 0.7792764902114868], [-0.8202363848686218, -0.5519462823867798, 0.15022492408752441]], "trans": [0.09706440567970276, -0